[2, 4, 6, 8, 10, 12, 14, 16, 18, 
3, 6, 9, 12, 15, 18, 21, 24, 27, 
4, 8, 12, 16, 20, 24, 28, 32, 36, 
5, 10, 15, 20, 25, 30, 35, 40, 45, 
6, 12, 18, 24, 30, 36, 42, 48, 54, 
7, 14, 21, 28, 35, 42, 49, 56, 63, 
8, 16, 24, 32, 40, 48, 56, 64, 72, 
9, 18, 27, 36, 45, 54, 63, 72, 81]
[i*j for i in range(2,10) for j in range(1,10)]


[2, 4, 6, 8, 10, 12, 14, 16, 18, 
6, 12, 18, 24, 
4, 8, 12, 16, 20, 24, 28, 32, 36, 
10, 20, 30, 40, 
6, 12, 18, 24, 30, 36, 42, 48, 54, 
14, 28, 42, 56, 
8, 16, 24, 32, 40, 48, 56, 64, 72, 
18, 36, 54, 72]
[i*j for i in range(2,10) for j in range(1,10) if (i*j)%2 == 0]


[0, 0, 0, 0, 0, 0, 0, 0, 0, 
3, 0, 9, 0, 15, 0, 21, 0, 27, 
0, 0, 0, 0, 0, 0, 0, 0, 0, 
5, 0, 15, 0, 25, 0, 35, 0, 45, 
0, 0, 0, 0, 0, 0, 0, 0, 0, 
7, 0, 21, 0, 35, 0, 49, 0, 63, 
0, 0, 0, 0, 0, 0, 0, 0, 0, 
9, 0, 27, 0, 45, 0, 63, 0, 81]
[i*j if (i*j)%2 else 0 for i in range(2,10) for j in range(1,10)]


[[2, 3, 4, 5, 6, 7, 8, 9], 
[4, 6, 8, 10, 12, 14, 16, 18], 
[6, 9, 12, 15, 18, 21, 24, 27], 
[8, 12, 16, 20, 24, 28, 32, 36], 
[10, 15, 20, 25, 30, 35, 40, 45], 
[12, 18, 24, 30, 36, 42, 48, 54], 
[14, 21, 28, 35, 42, 49, 56, 63], 
[16, 24, 32, 40, 48, 56, 64, 72], 
[18, 27, 36, 45, 54, 63, 72, 81]]
[[i*j for i in range(2,10)] for j in range(1,10)]


[[2, 4, 6, 8, 10, 12, 14, 16, 18], 
[3, 6, 9, 12, 15, 18, 21, 24, 27], 
[4, 8, 12, 16, 20, 24, 28, 32, 36], 
[5, 10, 15, 20, 25, 30, 35, 40, 45], 
[6, 12, 18, 24, 30, 36, 42, 48, 54], 
[7, 14, 21, 28, 35, 42, 49, 56, 63], 
[8, 16, 24, 32, 40, 48, 56, 64, 72], 
[9, 18, 27, 36, 45, 54, 63, 72, 81]]
[[i*j for i in range(1,10)] for j in range(2,10)]



```python
a = 5
b = [['heewook', 1,2,3]]
def changer(x, y):
    x = 2
    y[0] = 'hi'

changer(a,b[:])       # (a,b.copy()), (a,b[:])

print(a)
print(b)
```

```
[['heewook', 1, 2, 3]]
```

```python
a = 5
b = [['heewook', 1,2,3]]
def changer(x, y):
    x = 2
    y[0][0] = 'hi'

changer(a,b[:])       # (a,b.copy()), (a,b[:])

print(a)
print(b)
```

```
[['hi', 1, 2, 3]]
```


```python
from copy import deepcopy as dc
a = 5
b = [['heewook', 1,2,3]]
def changer(x, y):
    x = 2
    y[0][0] = 'hi'

changer(a,dc(b))       # (a,b.copy()), (a,b[:])

print(a)
print(b)
```

```
[['heewook', 1, 2, 3]]
```